oBlack,24,16,000B1B80,0,1,1,4294967295,0,0
oBlack,40,16,001A0109,0,1,1,4294967295,0,0
oBlack,56,16,003D8D41,0,1,1,4294967295,0,0
oBlack,72,16,0020F41B,0,1,1,4294967295,0,0
oBlack,88,16,00255E12,0,1,1,4294967295,0,0
oBlack,104,16,0016DBB0,0,1,1,4294967295,0,0
oBlack,120,16,001D62DC,0,1,1,4294967295,0,0
oBlack,24,32,002FC15E,0,1,1,4294967295,0,0
oBlack,40,32,001CC70C,0,1,1,4294967295,0,0
oBlack,56,32,00222304,0,1,1,4294967295,0,0
oBlack,72,32,00398DF3,0,1,1,4294967295,0,0
oBlack,88,32,001D1484,0,1,1,4294967295,0,0
oBlack,104,32,000A0E1C,0,1,1,4294967295,0,0
oBlack,120,32,002ED11A,0,1,1,4294967295,0,0
oBlack,24,48,00189E1D,0,1,1,4294967295,0,0
oBlack,40,48,00243EDA,0,1,1,4294967295,0,0
oBlack,56,48,003AE193,0,1,1,4294967295,0,0
oBlack,72,48,002DC781,0,1,1,4294967295,0,0
oBlack,88,48,0006D078,0,1,1,4294967295,0,0
oBlack,104,48,0024804B,0,1,1,4294967295,0,0
oBlack,120,48,002EF49C,0,1,1,4294967295,0,0
oBlack,24,64,0000AB99,0,1,1,4294967295,0,0
oBlack,40,64,003FB79A,0,1,1,4294967295,0,0
oBlack,56,64,001278EC,0,1,1,4294967295,0,0
oBlack,72,64,001A6D2C,0,1,1,4294967295,0,0
oBlack,88,64,003A7858,0,1,1,4294967295,0,0
oBlack,104,64,0017F39C,0,1,1,4294967295,0,0
oBlack,120,64,0029A323,0,1,1,4294967295,0,0
oMenuUL,8,0,00275E91,0,1,1,4294967295,0,0
oMenuUR,136,0,0024D43C,0,1,1,4294967295,0,0
oMenuLL,8,80,00113A6C,0,1,1,4294967295,0,0
oMenuLR,136,80,002002D2,0,1,1,4294967295,0,0
oMenuLeft,8,16,00082E2D,0,1,1,4294967295,0,0
oMenuLeft,8,32,001D0F02,0,1,1,4294967295,0,0
oMenuLeft,8,48,000816D7,0,1,1,4294967295,0,0
oMenuLeft,8,64,00323343,0,1,1,4294967295,0,0
oMenuRight,136,16,003B6BA3,0,1,1,4294967295,0,0
oMenuRight,136,32,001AA7A8,0,1,1,4294967295,0,0
oMenuRight,136,48,0009ADEC,0,1,1,4294967295,0,0
oMenuRight,136,64,0026801D,0,1,1,4294967295,0,0
oMenuTop,24,0,002AB750,0,1,1,4294967295,0,0
oMenuTop,40,0,0010B411,0,1,1,4294967295,0,0
oMenuTop,56,0,0024713E,0,1,1,4294967295,0,0
oMenuTop,72,0,003E75CF,0,1,1,4294967295,0,0
oMenuTop,88,0,002B8D28,0,1,1,4294967295,0,0
oMenuTop,104,0,0022E729,0,1,1,4294967295,0,0
oMenuTop,120,0,001BC0B7,0,1,1,4294967295,0,0
oMenuBottom,24,80,001571BF,0,1,1,4294967295,0,0
oMenuBottom,40,80,0028E5E7,0,1,1,4294967295,0,0
oMenuBottom,56,80,0038B279,0,1,1,4294967295,0,0
oMenuBottom,72,80,0036D860,0,1,1,4294967295,0,0
oMenuBottom,88,80,000451FD,0,1,1,4294967295,0,0
oMenuBottom,104,80,001A6AFF,0,1,1,4294967295,0,0
oMenuBottom,120,80,000AC02C,0,1,1,4294967295,0,0
oJoyConfig,0,0,002EB5AF,0,1,1,4294967295,0,0
