oBlackBG,24,144,0035E5A6,0,1,1,4294967295,0,0
oBlackBG,56,144,00300F3F,0,1,1,4294967295,0,0
oBlackBG,72,144,0002B71A,0,1,1,4294967295,0,0
oBlackBG,88,144,0030C3FA,0,1,1,4294967295,0,0
oBlackBG,104,144,0013E254,0,1,1,4294967295,0,0
oBlackBG,120,144,003AA538,0,1,1,4294967295,0,0
oBlackBG,136,144,001D491A,0,1,1,4294967295,0,0
oBlackBG,152,144,001DEC89,0,1,1,4294967295,0,0
oBlackBG,168,144,001FEA46,0,1,1,4294967295,0,0
oBlackBG,40,144,0017F489,0,1,1,4294967295,0,0
oBlackBG,24,16,002BEE42,0,1,1,4294967295,0,0
oBlackBG,40,16,00307B55,0,1,1,4294967295,0,0
oBlackBG,56,16,00120733,0,1,1,4294967295,0,0
oBlackBG,72,16,003D9E35,0,1,1,4294967295,0,0
oBlackBG,88,16,00310A5B,0,1,1,4294967295,0,0
oBlackBG,104,16,00402507,0,1,1,4294967295,0,0
oBlackBG,120,16,000DB4B4,0,1,1,4294967295,0,0
oBlackBG,136,16,00274ECD,0,1,1,4294967295,0,0
oBlackBG,152,16,0003BC7D,0,1,1,4294967295,0,0
oBlackBG,168,16,000352FB,0,1,1,4294967295,0,0
oBlackBG,184,144,001FD63F,0,1,1,4294967295,0,0
oBlackBG,200,144,002D6E5A,0,1,1,4294967295,0,0
oBlackBG,184,16,0003D6C5,0,1,1,4294967295,0,0
oBlackBG,200,16,000C2864,0,1,1,4294967295,0,0
oBlackBG,40,48,001620E5,0,1,1,4294967295,0,0
oBlackBG,56,48,0015795F,0,1,1,4294967295,0,0
oBlackBG,72,48,003EA8D9,0,1,1,4294967295,0,0
oBlackBG,88,48,003F8711,0,1,1,4294967295,0,0
oBlackBG,104,48,00075A42,0,1,1,4294967295,0,0
oBlackBG,120,48,0015651B,0,1,1,4294967295,0,0
oBlackBG,136,48,0005D9A9,0,1,1,4294967295,0,0
oBlackBG,152,48,0005D0C4,0,1,1,4294967295,0,0
oBlackBG,168,48,0031EA36,0,1,1,4294967295,0,0
oBlackBG,184,48,00084FD0,0,1,1,4294967295,0,0
oBlackBG,200,48,00099EA6,0,1,1,4294967295,0,0
oBlackBG,216,48,000029DF,0,1,1,4294967295,0,0
oBlackBG,216,144,0027B54D,0,1,1,4294967295,0,0
oBlackBG,216,16,002B3635,0,1,1,4294967295,0,0
oBlackBG,24,48,000D9BFF,0,1,1,4294967295,0,0
oMenuLeft,8,48,00376E7F,0,1,1,4294967295,0,0
oMenuLeft,8,64,001D43C8,0,1,1,4294967295,0,0
oMenuLeft,8,80,0020C529,0,1,1,4294967295,0,0
oMenuLeft,8,96,002C0EBB,0,1,1,4294967295,0,0
oMenuLeft,8,112,00263D62,0,1,1,4294967295,0,0
oMenuLeft,8,128,00089F2A,0,1,1,4294967295,0,0
oMenuLeft,8,144,000D8443,0,1,1,4294967295,0,0
oMenuUL,8,32,00366BE4,0,1,1,4294967295,0,0
oMenuRight,232,48,0015886E,0,1,1,4294967295,0,0
oMenuRight,232,64,002D28AD,0,1,1,4294967295,0,0
oMenuRight,232,80,0018A244,0,1,1,4294967295,0,0
oMenuRight,232,96,0014B34E,0,1,1,4294967295,0,0
oMenuRight,232,112,0023118B,0,1,1,4294967295,0,0
oMenuRight,232,128,0035001D,0,1,1,4294967295,0,0
oMenuBottom,24,160,00365BEE,0,1,1,4294967295,0,0
oMenuBottom,40,160,001BB0E4,0,1,1,4294967295,0,0
oMenuBottom,56,160,002FC4D6,0,1,1,4294967295,0,0
oMenuBottom,72,160,001C06C6,0,1,1,4294967295,0,0
oMenuBottom,88,160,00330109,0,1,1,4294967295,0,0
oMenuBottom,104,160,001F1E72,0,1,1,4294967295,0,0
oMenuBottom,120,160,003963A7,0,1,1,4294967295,0,0
oMenuBottom,136,160,000A184D,0,1,1,4294967295,0,0
oMenuBottom,152,160,00033CF3,0,1,1,4294967295,0,0
oMenuBottom,168,160,003E32C3,0,1,1,4294967295,0,0
oMenuLL,8,160,0000771B,0,1,1,4294967295,0,0
oMenuLR,232,160,002E950D,0,1,1,4294967295,0,0
oMenuRight,232,144,001AF67C,0,1,1,4294967295,0,0
oMenuUR,232,32,000F2FB3,0,1,1,4294967295,0,0
oMenuTop,24,32,001313E0,0,1,1,4294967295,0,0
oMenuTop,40,32,00158A97,0,1,1,4294967295,0,0
oMenuTop,56,32,002C0FEC,0,1,1,4294967295,0,0
oMenuTop,72,32,0028F76F,0,1,1,4294967295,0,0
oMenuTop,88,32,002BAABE,0,1,1,4294967295,0,0
oMenuTop,104,32,003E1422,0,1,1,4294967295,0,0
oMenuTop,120,32,0015F47C,0,1,1,4294967295,0,0
oMenuTop,136,32,00402116,0,1,1,4294967295,0,0
oMenuTop,152,32,002D808F,0,1,1,4294967295,0,0
oMenuTop,168,32,0018543D,0,1,1,4294967295,0,0
oMenuTop,24,0,001BE2ED,0,1,1,4294967295,0,0
oMenuTop,40,0,00400011,0,1,1,4294967295,0,0
oMenuTop,56,0,00166A5F,0,1,1,4294967295,0,0
oMenuTop,72,0,002B72F7,0,1,1,4294967295,0,0
oMenuTop,88,0,00256295,0,1,1,4294967295,0,0
oMenuTop,104,0,000090DD,0,1,1,4294967295,0,0
oMenuTop,120,0,00296C72,0,1,1,4294967295,0,0
oMenuTop,136,0,0026517B,0,1,1,4294967295,0,0
oMenuTop,152,0,0036AE59,0,1,1,4294967295,0,0
oMenuTop,168,0,003FF26C,0,1,1,4294967295,0,0
oMenuUL,8,0,0011CADF,0,1,1,4294967295,0,0
oMenuUR,232,0,00312593,0,1,1,4294967295,0,0
oMenuLeft,8,16,000CF474,0,1,1,4294967295,0,0
oMenuRight,232,16,002B1112,0,1,1,4294967295,0,0
oMenuLL,8,32,000968DD,0,1,1,4294967295,0,0
oMenuLR,232,32,0001E5F2,0,1,1,4294967295,0,0
oMenuBottom,24,32,0016AA65,0,1,1,4294967295,0,0
oMenuBottom,40,32,00310843,0,1,1,4294967295,0,0
oMenuBottom,56,32,00151580,0,1,1,4294967295,0,0
oMenuBottom,72,32,002B8309,0,1,1,4294967295,0,0
oMenuBottom,88,32,0002C0A3,0,1,1,4294967295,0,0
oMenuBottom,104,32,0011020B,0,1,1,4294967295,0,0
oMenuBottom,120,32,0000BE7B,0,1,1,4294967295,0,0
oMenuBottom,136,32,0024C6B5,0,1,1,4294967295,0,0
oMenuBottom,152,32,003BA854,0,1,1,4294967295,0,0
oMenuBottom,168,32,00369695,0,1,1,4294967295,0,0
oMenuBottom,184,160,00127ED5,0,1,1,4294967295,0,0
oMenuBottom,200,160,0021C742,0,1,1,4294967295,0,0
oMenuTop,184,0,00264D84,0,1,1,4294967295,0,0
oMenuTop,200,0,0038C9C5,0,1,1,4294967295,0,0
oMenuBottom,184,32,00390C2D,0,1,1,4294967295,0,0
oMenuBottom,200,32,001B8562,0,1,1,4294967295,0,0
oMenuTop,184,32,001BCA1F,0,1,1,4294967295,0,0
oMenuTop,200,32,002D0043,0,1,1,4294967295,0,0
oMenuTop,216,0,000F218A,0,1,1,4294967295,0,0
oMenuBottom,216,160,003D6954,0,1,1,4294967295,0,0
oMenuBottom,216,32,0014F94D,0,1,1,4294967295,0,0
oMenuTop,216,32,00039436,0,1,1,4294967295,0,0
oMenuSel,24,64,001B5B10,0,1,1,4294967295,0,0
oMenuSel,24,72,0038D58C,0,1,1,4294967295,0,0
oMenuSel,24,80,001C95B5,0,1,1,4294967295,0,0
oMenuSel,24,88,003CBA03,0,1,1,4294967295,0,0
oMenuSel,24,96,003EFD93,0,1,1,4294967295,0,0
oMenuSel,24,104,0014B131,0,1,1,4294967295,0,0
oMenuSel,24,112,00243885,0,1,1,4294967295,0,0
oMenuSel,24,120,000C5848,0,1,1,4294967295,0,0
oMenuSel,24,128,002003D3,0,1,1,4294967295,0,0
oMenuSel,24,136,001944A2,0,1,1,4294967295,0,0
oInit,0,0,0006D813,0,1,1,4294967295,0,0
oOKButton,100,167,002062AA,0,1,1,4294967295,0,0
oPageDown,232,144,002C44FC,0,1,1,4294967295,0,0
oPageUp,232,48,001D9298,0,1,1,4294967295,0,0
