fangames,0,256,00005176,0,1,1,4294967295,0,0
legacy,0,128,000B6774,0,1,1,4294967295,0,0
EXEM,0,192,003A5262,0,1,1,4294967295,0,0
SRB2K_button,0,64,0027FA62,0,1,1,4294967295,0,0
object640,0,0,0027C9CF,0,1,1,4294967295,0,0
version,-32,0,00377F47,0,1,1,4294967295,0,0
draw,-32,32,000BD2F5,0,1,1,4294967295,0,0
persist,-32,64,000E6604,0,1,1,4294967295,0,0
obj_SRB2K,6,73,003A8D89,0,1,1,4294967295,0,0
obj_SRBC,10,137,003AF864,0,1,1,4294967295,0,0
obj_SRB2exem,9,202,0029CC26,0,1,1,4294967295,0,0
obj_fg,9,266,0023FAF6,0,1,1,4294967295,0,0
obj_SRB2,10,10,002060D2,0,1,1,4294967295,0,0
SRB2K_link,832,416,0028C194,0,1,1,4294967295,0,0
SRB2_launch,379,436,0027EAAA,0,1,1,4294967295,0,0
