oBlack,24,16,00144CF6,0,1,1,4294967295,0,0
oBlack,40,16,00085D36,0,1,1,4294967295,0,0
oBlack,56,16,0008A090,0,1,1,4294967295,0,0
oBlack,72,16,003804E7,0,1,1,4294967295,0,0
oBlack,88,16,002A883E,0,1,1,4294967295,0,0
oBlack,104,16,003F07CA,0,1,1,4294967295,0,0
oBlack,120,16,003A720A,0,1,1,4294967295,0,0
oBlack,24,32,003CC91A,0,1,1,4294967295,0,0
oBlack,40,32,003D3A01,0,1,1,4294967295,0,0
oBlack,56,32,002A5DBB,0,1,1,4294967295,0,0
oBlack,72,32,0022F6E6,0,1,1,4294967295,0,0
oBlack,88,32,003BC9C2,0,1,1,4294967295,0,0
oBlack,104,32,003BF225,0,1,1,4294967295,0,0
oBlack,120,32,00376FD2,0,1,1,4294967295,0,0
oBlack,24,48,00098E7E,0,1,1,4294967295,0,0
oBlack,40,48,0010B930,0,1,1,4294967295,0,0
oBlack,56,48,003CCB5B,0,1,1,4294967295,0,0
oBlack,72,48,0039C2AC,0,1,1,4294967295,0,0
oBlack,88,48,003D7C4D,0,1,1,4294967295,0,0
oBlack,104,48,00145DC4,0,1,1,4294967295,0,0
oBlack,120,48,002E9F5F,0,1,1,4294967295,0,0
oBlack,24,64,0014C2AF,0,1,1,4294967295,0,0
oBlack,40,64,003C887B,0,1,1,4294967295,0,0
oBlack,56,64,002D6632,0,1,1,4294967295,0,0
oBlack,72,64,002EC190,0,1,1,4294967295,0,0
oBlack,88,64,0012EC45,0,1,1,4294967295,0,0
oBlack,104,64,000258E2,0,1,1,4294967295,0,0
oBlack,120,64,002233B6,0,1,1,4294967295,0,0
oMenuUL,8,0,001BB00B,0,1,1,4294967295,0,0
oMenuUR,136,0,0030D90B,0,1,1,4294967295,0,0
oMenuLL,8,80,001FBE04,0,1,1,4294967295,0,0
oMenuLR,136,80,00196874,0,1,1,4294967295,0,0
oMenuLeft,8,16,00119989,0,1,1,4294967295,0,0
oMenuLeft,8,32,00354195,0,1,1,4294967295,0,0
oMenuLeft,8,48,000C561C,0,1,1,4294967295,0,0
oMenuLeft,8,64,0006D273,0,1,1,4294967295,0,0
oMenuRight,136,16,0009BC9B,0,1,1,4294967295,0,0
oMenuRight,136,32,003C901D,0,1,1,4294967295,0,0
oMenuRight,136,48,003BB2AF,0,1,1,4294967295,0,0
oMenuRight,136,64,00160175,0,1,1,4294967295,0,0
oMenuTop,24,0,00295ABA,0,1,1,4294967295,0,0
oMenuTop,40,0,002D4BCF,0,1,1,4294967295,0,0
oMenuTop,56,0,00001FF8,0,1,1,4294967295,0,0
oMenuTop,72,0,002F6CFB,0,1,1,4294967295,0,0
oMenuTop,88,0,0019678D,0,1,1,4294967295,0,0
oMenuTop,104,0,001EA22D,0,1,1,4294967295,0,0
oMenuTop,120,0,00280269,0,1,1,4294967295,0,0
oMenuBottom,24,80,0008C575,0,1,1,4294967295,0,0
oMenuBottom,40,80,0014F17A,0,1,1,4294967295,0,0
oMenuBottom,56,80,0006325B,0,1,1,4294967295,0,0
oMenuBottom,72,80,003D882D,0,1,1,4294967295,0,0
oMenuBottom,88,80,003FFEE8,0,1,1,4294967295,0,0
oMenuBottom,104,80,0025524A,0,1,1,4294967295,0,0
oMenuBottom,120,80,0015AC89,0,1,1,4294967295,0,0
oKeyConfig,0,0,00369DEB,0,1,1,4294967295,0,0
