oBlackBG,24,32,0027D1D6,0,1,1,4294967295,0,0
oBlackBG,40,32,0035ECC3,0,1,1,4294967295,0,0
oBlackBG,56,32,00163D68,0,1,1,4294967295,0,0
oBlackBG,72,32,00164170,0,1,1,4294967295,0,0
oBlackBG,88,32,004028BB,0,1,1,4294967295,0,0
oBlackBG,24,48,00194299,0,1,1,4294967295,0,0
oBlackBG,40,48,002D4B60,0,1,1,4294967295,0,0
oBlackBG,56,48,00204611,0,1,1,4294967295,0,0
oBlackBG,72,48,002CA71C,0,1,1,4294967295,0,0
oBlackBG,88,48,003F49F6,0,1,1,4294967295,0,0
oBlackBG,24,56,0034ADDF,0,1,1,4294967295,0,0
oBlackBG,40,56,003B46E7,0,1,1,4294967295,0,0
oBlackBG,56,56,001547C1,0,1,1,4294967295,0,0
oBlackBG,72,56,0018B60A,0,1,1,4294967295,0,0
oBlackBG,88,56,00267945,0,1,1,4294967295,0,0
oBlackBG,24,96,000ACFBD,0,1,1,4294967295,0,0
oBlackBG,40,96,0025152E,0,1,1,4294967295,0,0
oBlackBG,56,96,004003AE,0,1,1,4294967295,0,0
oBlackBG,72,96,00057F84,0,1,1,4294967295,0,0
oBlackBG,88,96,00162D70,0,1,1,4294967295,0,0
oBlackBG,104,96,00089C25,0,1,1,4294967295,0,0
oBlackBG,120,96,003E0B1E,0,1,1,4294967295,0,0
oBlackBG,136,96,003D05D7,0,1,1,4294967295,0,0
oBlackBG,152,96,000EF895,0,1,1,4294967295,0,0
oBlackBG,168,96,0035AC2B,0,1,1,4294967295,0,0
oBlackBG,24,104,00377DF4,0,1,1,4294967295,0,0
oBlackBG,40,104,00354A6B,0,1,1,4294967295,0,0
oBlackBG,56,104,002D20A5,0,1,1,4294967295,0,0
oBlackBG,72,104,0009E19A,0,1,1,4294967295,0,0
oBlackBG,88,104,001B2C45,0,1,1,4294967295,0,0
oBlackBG,104,104,003D91E3,0,1,1,4294967295,0,0
oBlackBG,120,104,00215655,0,1,1,4294967295,0,0
oBlackBG,136,104,002B3F59,0,1,1,4294967295,0,0
oBlackBG,152,104,0004311B,0,1,1,4294967295,0,0
oBlackBG,168,104,002F5D59,0,1,1,4294967295,0,0
oBlackBG,24,144,0039F942,0,1,1,4294967295,0,0
oBlackBG,40,144,0013B4F7,0,1,1,4294967295,0,0
oBlackBG,56,144,000D0F65,0,1,1,4294967295,0,0
oBlackBG,72,144,000BA4BF,0,1,1,4294967295,0,0
oBlackBG,88,144,001C629C,0,1,1,4294967295,0,0
oBlackBG,104,144,0014F0EF,0,1,1,4294967295,0,0
oBlackBG,120,144,00235F8D,0,1,1,4294967295,0,0
oBlackBG,136,144,001A54F6,0,1,1,4294967295,0,0
oBlackBG,152,144,000F1C63,0,1,1,4294967295,0,0
oBlackBG,168,144,001EE60F,0,1,1,4294967295,0,0
oBlackBG,24,152,003B780F,0,1,1,4294967295,0,0
oBlackBG,40,152,0026A095,0,1,1,4294967295,0,0
oBlackBG,56,152,0016BB1A,0,1,1,4294967295,0,0
oBlackBG,72,152,00317D3E,0,1,1,4294967295,0,0
oBlackBG,88,152,0012270A,0,1,1,4294967295,0,0
oBlackBG,104,152,000590FE,0,1,1,4294967295,0,0
oBlackBG,120,152,0040178D,0,1,1,4294967295,0,0
oBlackBG,136,152,0029DFF6,0,1,1,4294967295,0,0
oBlackBG,152,152,003D716C,0,1,1,4294967295,0,0
oBlackBG,168,152,00206BB2,0,1,1,4294967295,0,0
oBlackBG,24,192,003CD6DF,0,1,1,4294967295,0,0
oBlackBG,40,192,002FC525,0,1,1,4294967295,0,0
oBlackBG,56,192,00165E2D,0,1,1,4294967295,0,0
oBlackBG,72,192,000BBAC5,0,1,1,4294967295,0,0
oBlackBG,88,192,000B2CA7,0,1,1,4294967295,0,0
oBlackBG,104,192,0013DFFD,0,1,1,4294967295,0,0
oBlackBG,120,192,002356F4,0,1,1,4294967295,0,0
oBlackBG,136,192,000B68AF,0,1,1,4294967295,0,0
oBlackBG,152,192,002E30BE,0,1,1,4294967295,0,0
oBlackBG,168,192,00051D15,0,1,1,4294967295,0,0
oBlackBG,24,208,00283E03,0,1,1,4294967295,0,0
oBlackBG,40,208,0028F696,0,1,1,4294967295,0,0
oBlackBG,56,208,000C3478,0,1,1,4294967295,0,0
oBlackBG,72,208,000CD26B,0,1,1,4294967295,0,0
oBlackBG,88,208,0023574A,0,1,1,4294967295,0,0
oBlackBG,104,208,001A6B54,0,1,1,4294967295,0,0
oBlackBG,120,208,00206C01,0,1,1,4294967295,0,0
oBlackBG,136,208,0016DB6B,0,1,1,4294967295,0,0
oBlackBG,152,208,000152B0,0,1,1,4294967295,0,0
oBlackBG,168,208,000507A1,0,1,1,4294967295,0,0
oBlack,128,16,002E3391,0,1,1,4294967295,0,0
oBlack,144,16,001826F0,0,1,1,4294967295,0,0
oBlack,160,16,0029D7CB,0,1,1,4294967295,0,0
oBlack,176,16,0034A009,0,1,1,4294967295,0,0
oBlack,128,32,00044014,0,1,1,4294967295,0,0
oBlack,144,32,003696BC,0,1,1,4294967295,0,0
oBlack,160,32,00106B80,0,1,1,4294967295,0,0
oBlack,176,32,0033149A,0,1,1,4294967295,0,0
oBlack,128,48,0023C094,0,1,1,4294967295,0,0
oBlack,144,48,00244AC9,0,1,1,4294967295,0,0
oBlack,160,48,000E8FC1,0,1,1,4294967295,0,0
oBlack,176,48,003E3CE7,0,1,1,4294967295,0,0
oBlack,128,56,003016CE,0,1,1,4294967295,0,0
oBlack,144,56,003428AD,0,1,1,4294967295,0,0
oBlack,160,56,000EE667,0,1,1,4294967295,0,0
oBlack,176,56,0021BAF5,0,1,1,4294967295,0,0
oBlack,72,272,0023B6A9,0,1,1,4294967295,0,0
oBlack,88,272,0036395D,0,1,1,4294967295,0,0
oBlack,104,272,002E13A4,0,1,1,4294967295,0,0
oBlack,120,272,0014DDAD,0,1,1,4294967295,0,0
oBlack,72,256,000C71B4,0,1,1,4294967295,0,0
oBlack,88,256,000337D0,0,1,1,4294967295,0,0
oBlack,104,256,003CF0AF,0,1,1,4294967295,0,0
oBlack,120,256,00038FB4,0,1,1,4294967295,0,0
oBlack,72,240,00283E41,0,1,1,4294967295,0,0
oBlack,88,240,002893D6,0,1,1,4294967295,0,0
oBlack,104,240,00254B27,0,1,1,4294967295,0,0
oBlack,120,240,00006199,0,1,1,4294967295,0,0
oCaveBG,128,16,0007F7A4,0,1,1,4294967295,0,0
oCaveBG,160,16,00351F99,0,1,1,4294967295,0,0
oCaveBG,72,240,003F2320,0,1,1,4294967295,0,0
oCaveBG,104,240,0028C5DF,0,1,1,4294967295,0,0
oCaveBG,72,272,0032F928,0,1,1,4294967295,0,0
oCaveBG,104,272,003FA638,0,1,1,4294967295,0,0
oCaveBG,128,48,0033DC80,0,1,1,4294967295,0,0
oCaveBG,160,48,00169D1C,0,1,1,4294967295,0,0
oConfigLogo,128,16,000B9B62,0,1,1,4294967295,0,0
oCaveBottom,128,0,000421D8,0,1,1,4294967295,0,0
oCaveBottom,144,0,002283F8,0,1,1,4294967295,0,0
oCaveBottom,160,0,000C7FE1,0,1,1,4294967295,0,0
oCaveBottom,72,240,0014A3A0,0,1,1,4294967295,0,0
oCaveBottom,88,240,000F8D07,0,1,1,4294967295,0,0
oCaveBottom,176,0,003FF317,0,1,1,4294967295,0,0
oGoldIdol,96,256,00138D75,0,1,1,4294967295,0,0
oCaveTop,128,72,00354BC8,0,1,1,4294967295,0,0
oCaveTop,144,72,003800AD,0,1,1,4294967295,0,0
oCaveTop,160,72,00030318,0,1,1,4294967295,0,0
oCaveTop,176,72,00192800,0,1,1,4294967295,0,0
oMenuUL,8,16,0039D8BF,0,1,1,4294967295,0,0
oMenuTop,24,16,003985F0,0,1,1,4294967295,0,0
oMenuTop,40,16,003F9504,0,1,1,4294967295,0,0
oMenuTop,56,16,00269D9E,0,1,1,4294967295,0,0
oMenuTop,72,16,0014FA54,0,1,1,4294967295,0,0
oMenuTop,88,16,0017F65E,0,1,1,4294967295,0,0
oMenuUR,104,16,0016662F,0,1,1,4294967295,0,0
oMenuLeft,8,32,001D1775,0,1,1,4294967295,0,0
oMenuLeft,8,48,0039561A,0,1,1,4294967295,0,0
oMenuRight,104,32,0038DBC9,0,1,1,4294967295,0,0
oMenuRight,104,48,000549CA,0,1,1,4294967295,0,0
oMenuLL,8,72,00322FA7,0,1,1,4294967295,0,0
oMenuBottom,24,72,00302B67,0,1,1,4294967295,0,0
oMenuBottom,40,72,0037346C,0,1,1,4294967295,0,0
oMenuBottom,56,72,001A862F,0,1,1,4294967295,0,0
oMenuBottom,72,72,0035FCF1,0,1,1,4294967295,0,0
oMenuBottom,88,72,00295875,0,1,1,4294967295,0,0
oMenuLR,104,72,00081C57,0,1,1,4294967295,0,0
oMenuLeft,8,56,00320822,0,1,1,4294967295,0,0
oMenuRight,104,56,00003761,0,1,1,4294967295,0,0
oMenuUL,8,80,00059F54,0,1,1,4294967295,0,0
oMenuTop,24,80,000F9796,0,1,1,4294967295,0,0
oMenuTop,40,80,00291B7F,0,1,1,4294967295,0,0
oMenuTop,56,80,002E8797,0,1,1,4294967295,0,0
oMenuTop,72,80,00370725,0,1,1,4294967295,0,0
oMenuTop,88,80,00186EA3,0,1,1,4294967295,0,0
oMenuTop,104,80,0007A835,0,1,1,4294967295,0,0
oMenuTop,120,80,002B9EA9,0,1,1,4294967295,0,0
oMenuTop,136,80,00197AF1,0,1,1,4294967295,0,0
oMenuTop,152,80,00357CAA,0,1,1,4294967295,0,0
oMenuTop,168,80,002E0464,0,1,1,4294967295,0,0
oMenuUR,184,80,00116AEE,0,1,1,4294967295,0,0
oMenuLeft,8,96,00019C33,0,1,1,4294967295,0,0
oMenuLeft,8,104,001B994A,0,1,1,4294967295,0,0
oMenuRight,184,96,0024D028,0,1,1,4294967295,0,0
oMenuRight,184,104,003A87AD,0,1,1,4294967295,0,0
oMenuLL,8,120,0000F9A5,0,1,1,4294967295,0,0
oMenuLR,184,120,001AA158,0,1,1,4294967295,0,0
oMenuBottom,24,120,00024319,0,1,1,4294967295,0,0
oMenuBottom,40,120,002FC607,0,1,1,4294967295,0,0
oMenuBottom,56,120,003C1638,0,1,1,4294967295,0,0
oMenuBottom,72,120,0024A45B,0,1,1,4294967295,0,0
oMenuBottom,88,120,001F279A,0,1,1,4294967295,0,0
oMenuBottom,104,120,00306D67,0,1,1,4294967295,0,0
oMenuBottom,120,120,0036573A,0,1,1,4294967295,0,0
oMenuBottom,136,120,0029DE21,0,1,1,4294967295,0,0
oMenuBottom,152,120,002BB39F,0,1,1,4294967295,0,0
oMenuBottom,168,120,001A5E6D,0,1,1,4294967295,0,0
oMenuUL,8,128,000E2BF5,0,1,1,4294967295,0,0
oMenuUR,184,128,001A9BDB,0,1,1,4294967295,0,0
oMenuTop,24,128,0005E6BC,0,1,1,4294967295,0,0
oMenuTop,40,128,0011F922,0,1,1,4294967295,0,0
oMenuTop,56,128,002C8ADD,0,1,1,4294967295,0,0
oMenuTop,72,128,0032C359,0,1,1,4294967295,0,0
oMenuTop,88,128,003E1CFE,0,1,1,4294967295,0,0
oMenuTop,104,128,00119A8B,0,1,1,4294967295,0,0
oMenuTop,120,128,003FB541,0,1,1,4294967295,0,0
oMenuTop,136,128,00003FB3,0,1,1,4294967295,0,0
oMenuTop,152,128,0006503F,0,1,1,4294967295,0,0
oMenuTop,168,128,001DA1A0,0,1,1,4294967295,0,0
oMenuLeft,8,144,002B39EF,0,1,1,4294967295,0,0
oMenuLeft,8,152,002BD1C0,0,1,1,4294967295,0,0
oMenuRight,184,144,00237F63,0,1,1,4294967295,0,0
oMenuRight,184,152,0026E96A,0,1,1,4294967295,0,0
oMenuLL,8,168,0021183F,0,1,1,4294967295,0,0
oMenuLR,184,168,000F825B,0,1,1,4294967295,0,0
oMenuBottom,24,168,00345398,0,1,1,4294967295,0,0
oMenuBottom,40,168,003765BC,0,1,1,4294967295,0,0
oMenuBottom,56,168,002B5304,0,1,1,4294967295,0,0
oMenuBottom,72,168,0007AAC6,0,1,1,4294967295,0,0
oMenuBottom,88,168,0006DC7D,0,1,1,4294967295,0,0
oMenuBottom,104,168,0012F412,0,1,1,4294967295,0,0
oMenuBottom,120,168,003E2BDB,0,1,1,4294967295,0,0
oMenuBottom,136,168,002846DB,0,1,1,4294967295,0,0
oMenuBottom,152,168,00370FDF,0,1,1,4294967295,0,0
oMenuBottom,168,168,000950B3,0,1,1,4294967295,0,0
oMenuUL,8,176,00395B8C,0,1,1,4294967295,0,0
oMenuUR,184,176,001EE68F,0,1,1,4294967295,0,0
oMenuTop,24,176,0022E074,0,1,1,4294967295,0,0
oMenuTop,40,176,0000E03B,0,1,1,4294967295,0,0
oMenuTop,56,176,000F8507,0,1,1,4294967295,0,0
oMenuTop,72,176,00140C41,0,1,1,4294967295,0,0
oMenuTop,88,176,001A9DCB,0,1,1,4294967295,0,0
oMenuTop,104,176,00190FB2,0,1,1,4294967295,0,0
oMenuTop,120,176,001AEADB,0,1,1,4294967295,0,0
oMenuTop,136,176,002C5248,0,1,1,4294967295,0,0
oMenuTop,152,176,003423D3,0,1,1,4294967295,0,0
oMenuTop,168,176,000C1F17,0,1,1,4294967295,0,0
oMenuLeft,8,192,0034D2D0,0,1,1,4294967295,0,0
oMenuLeft,8,208,001DF734,0,1,1,4294967295,0,0
oMenuRight,184,192,00049B86,0,1,1,4294967295,0,0
oMenuRight,184,208,000E6567,0,1,1,4294967295,0,0
oMenuLL,8,224,00399023,0,1,1,4294967295,0,0
oMenuLR,184,224,001F3AA9,0,1,1,4294967295,0,0
oMenuBottom,24,224,0010B48C,0,1,1,4294967295,0,0
oMenuBottom,40,224,0032BE12,0,1,1,4294967295,0,0
oMenuBottom,56,224,002E3492,0,1,1,4294967295,0,0
oMenuBottom,152,224,003D43C4,0,1,1,4294967295,0,0
oMenuBottom,168,224,000CE0E0,0,1,1,4294967295,0,0
oCaveTop,72,288,00313416,0,1,1,4294967295,0,0
oCaveTop,88,288,000EF004,0,1,1,4294967295,0,0
oCaveTop,104,288,0000AE23,0,1,1,4294967295,0,0
oCaveTop,120,288,00237F94,0,1,1,4294967295,0,0
oAltar,88,272,003BAA1E,0,1,1,4294967295,0,0
oPlayer,168,56,001E0FA0,0,1,1,4294967295,0,0
oDoor,128,56,0014A4BC,0,1,1,4294967295,0,0
oCaveBottom,104,240,003A5BCC,0,1,1,4294967295,0,0
oCaveBottom,120,240,001865A4,0,1,1,4294967295,0,0
oMenuBottom,72,224,0018D23C,0,1,1,4294967295,0,0
oMenuBottom,88,224,002D1D26,0,1,1,4294967295,0,0
oMenuBottom,104,224,0009A561,0,1,1,4294967295,0,0
oMenuBottom,120,224,001174EA,0,1,1,4294967295,0,0
oMenuBottom,136,224,000C1C8F,0,1,1,4294967295,0,0
oInit,0,0,0006D813,0,1,1,4294967295,0,0
oRadioBox,16,32,002385D2,0,1,1,4294967295,0,0
oCheckBox,16,96,000FDAC9,0,1,1,4294967295,0,0
oRadioBox,16,40,000D0080,0,1,1,4294967295,0,0
oOKButton,144,248,002062AA,0,1,1,4294967295,0,0
oCheckBox2,16,104,00170B3A,0,1,1,4294967295,0,0
oCheckBox3,16,144,00110CB5,0,1,1,4294967295,0,0
oKeyConfigButton,8,248,002D97B6,0,1,1,4294967295,0,0
oCheckBox4,16,152,001CCC97,0,1,1,4294967295,0,0
oJoyConfigButton,8,272,0034AFF7,0,1,1,4294967295,0,0
oSliderBG,16,192,002FC79A,0,1,1,4294967295,0,0
oSliderBG,16,208,0014860F,0,1,1,4294967295,0,0
oSlider1,120,192,0018F7B4,0,1,1,4294967295,0,0
oMusic,16,0,003C0057,0,1,1,4294967295,0,0
oSlider2,120,208,000B002B,0,1,1,4294967295,0,0
oRadioBox,16,48,0030576B,0,1,1,4294967295,0,0
oRadioBox,16,56,0000FCC0,0,1,1,4294967295,0,0
oCaveFringe,128,56,00171AB3,0,1,1,4294967295,0,0
oExitButton,144,272,0028D9BA,0,1,1,4294967295,0,0
oCaveFringe,72,272,0008B63E,0,1,1,4294967295,0,0
oCaveFringe,88,272,000C28AC,0,1,1,4294967295,0,0
oCaveFringe,104,272,00102A10,0,1,1,4294967295,0,0
oCaveFringe,120,272,003AF269,0,1,1,4294967295,0,0
oCaveFringe,176,56,000B94DD,0,1,1,4294967295,0,0
oCaveFringe,144,56,000FFEA7,0,1,1,4294967295,0,0
oCaveFringe,160,56,003F9281,0,1,1,4294967295,0,0
oCheckBox5,8,232,00056FD1,0,1,1,4294967295,0,0
